<OPEN_MOUTH>
Jaw,0.009836066,0,0
LipLowerR,0.002459016,-0.0004918033,0
LipLowerL,0.002459016,0.0004918033,0
LipCornerL,0.003196721,-0.006885245,0
LipCornerR,0.003196721,0.006885245,0
LipUpperL,0.0009836066,0,0
LipUpperR,0.0009836066,0,0
<RAISE_BROWS>
BrowInnerL,-0.003636364,0,0
BrowInnerR,-0.003636364,0,0
BrowOuterL,-0.004545454,0,0
BrowOuterR,-0.004545454,0,0
<RAISE_LEFT_BROW>
BrowInnerL,-0.003636364,0,0
BrowOuterL,-0.004545454,0,0
<RAISE_RIGHT_BROW>
BrowInnerR,-0.003636364,0,0
BrowOuterR,-0.004545454,0,0
<RAISE_MOUTH_CORNERS>
LipLowerR,0.001818182,0,0
LipLowerL,0.001818182,0,0
LipCornerL,-0.005454545,0.002272727,-0.0009090909
LipCornerR,-0.005454545,-0.002272727,-0.0009090909
<RAISE_LEFT_MOUTH_CORNER>
LipLowerL,0.001818182,0,0
LipCornerR,-0.005454545,-0.002272727,-0.0009090909
<RAISE_RIGHT_MOUTH_CORNER>
LipLowerR,0.001818182,0,0
LipCornerR,-0.005454545,-0.002272727,-0.0009090909
<LOWER_LEFT_BROW>
BrowInnerL,0.007727272,-0.007727272,0
<LOWER_RIGHT_BROW>
BrowInnerR,0.007727272,0.007727272,0
<LOWER_BROWS>
BrowInnerL,0.007727272,-0.007727272,0
BrowInnerR,0.007727272,0.007727272,0
<LOWER_MOUTH_CORNERS>
LipLowerR,0.003636364,0,0.001363636
LipLowerL,0.003636364,0,0.001363636
LipCornerL,0.004090909,0,0
LipCornerR,0.004090909,0,0
LipUpperL,0.001363636,0,0
LipUpperR,0.001363636,0,0
<LOWER_LEFT_MOUTH_CORNER>
LipLowerL,0.003636364,0,0.001363636
LipCornerL,0.004090909,0,0
LipUpperL,0.001363636,0,0
<LOWER_RIGHT_MOUTH_CORNER>
LipLowerR,0.003636364,0,0.001363636
LipCornerR,0.004090909,0,0
LipUpperR,0.001363636,0,0
<ulla>
BrowInnerL,0.001967213,-0.005901639,0
BrowInnerR,0.001967213,0.005901639,0
BrowOuterL,0.00147541,0,0
BrowOuterR,0.00147541,0,0
Jaw,0.008114754,0,0
LipLowerR,0.004918033,0,0.00147541
TongueR,-0.009344262,0,-0.015
TongueF,-0.0002459013,0,-0.015
LipLowerL,0.004918033,0,0.00147541
LipCornerL,0.006885246,0,0
LipCornerR,0.006885246,0,0
LipUpperL,-0.00147541,0,0.00295082
LipUpperR,-0.00147541,0,0.00295082
Nostrils,-0.002459016,0,-0.0009836066
<OBLIQUE_BROWS>
BrowInnerL,-0.004426229,-0.008852459,0
BrowInnerR,-0.004426229,0.008852459,0
BrowOuterL,0.009344262,-0.00295082,0
BrowOuterR,0.009344262,0.00295082,0
<oh>
Jaw,0.009836066,0,0
LipCornerL,0,-0.01229508,0
LipCornerR,0,0.01229508,0
<öh>
Jaw,0.009836066,0,0
LipLowerR,0.002459016,-0.0004918033,0
LipLowerL,0.002459016,0.0004918033,0
LipCornerL,0.003196721,-0.006885245,0
LipCornerR,0.003196721,0.006885245,0
LipUpperL,0.0009836066,0,0
LipUpperR,0.0009836066,0,0
<lll>
Jaw,0.00804918,0,0
TongueR,-0.015,0,0
TongueF,9.16055E-11,0,0
LipCornerL,0.00147541,-0.004426229,0
LipCornerR,0.00147541,0.004426229,0
<vf>
Jaw,0.00295082,0,0
LipLowerR,0,0,0.004426229
LipLowerL,0,0,0.004426229
LipCornerL,0.0004918033,-0.003442623,0
LipCornerR,0.0004918033,0.003442623,0
LipUpperL,-0.0004918032,0.0009836066,-0.0009836066
LipUpperR,-0.0004918032,-0.0009836066,-0.0009836066
<perv>
Jaw,0.015,0,0
TongueR,-0.015,0.0002459017,-0.015
TongueF,-0.015,0.0002459017,-0.015
LipCornerL,-0.015,0,0
LipCornerR,-0.015,0,0
<p>
LipLowerL,-0.00147541,0,-0.00295082
LipLowerR,-0.00147541,0,-0.00295082
LipUpperL,-0.0004918033,0,-0.0009836066
LipUpperR,-0.0004918033,0,-0.0009836066
<k>
Jaw,0.004426229,0,0
LipLowerL,0.001967213,0,0
LipLowerR,0.001967213,0,0
TongueR,-0.0009836066,0,0
LipCornerL,0.0009836066,-0.0009836066,0
LipCornerR,0.0009836066,0.0009836066,0
LipUpperL,-1.029976E-11,0,0
LipUpperR,-1.029976E-11,0,0
<t>
Jaw,0.004426229,0,0
LipLowerL,0.001967213,0,0
LipLowerR,0.001967213,0,0
TongueR,0.0009836064,0,0
TongueF,-0.01327869,0,0
LipCornerL,0.002459016,-0.005163935,0
LipCornerR,0.002459016,0.005163935,0
LipUpperL,-0.0004918033,0,0
LipUpperR,-0.0004918033,0,0
<T>
Jaw,0.004426229,0,0
LipLowerL,0.001967213,0,0
LipLowerR,0.001967213,0,0
TongueR,-0.003934426,0,0
TongueF,-0.009836066,0,-0.004918033
LipCornerL,5.149881E-11,-0.003688525,0
LipCornerR,5.149881E-11,0.003688525,0
LipUpperL,-0.0009836066,0,0
LipUpperR,-0.0009836066,0,0
<f>
Jaw,0.00295082,0,0
LipLowerL,0,0,0.00147541
LipLowerR,0,0,0.00147541
LipCornerL,0,-0.0004918033,0
LipCornerR,0,0.0004918033,0
LipUpperL,-0.00147541,0,-0.00295082
LipUpperR,-0.00147541,0,-0.00295082
<i>
Jaw,0.002459016,0,0
LipLowerL,0.003442623,0,0
LipLowerR,0.003442623,0,0
LipCornerL,0,-0.00147541,0
LipCornerR,0,0.00147541,0
LipUpperL,0.0004918033,0,0
LipUpperR,0.0004918033,0,0
<J>
Jaw,0.005655738,0,0
LipLowerL,0.00147541,0,0
LipLowerR,0.00147541,0,0
TongueR,-0.003934426,0,0
TongueF,-0.009836066,0,0
LipCornerL,-0.0004918033,0.0004918033,0
LipCornerR,-0.0004918033,-0.0004918033,0
LipUpperL,-0.0009836066,0,0
LipUpperR,-0.0009836066,0,0
<r>
Jaw,0.003442623,0,0
LipLowerL,0.003442623,0,0
LipLowerR,0.003442623,0,0
TongueR,-0.001967213,0,0
TongueF,-0.008852459,0,0
LipCornerL,0,-0.00295082,0
LipCornerR,0,0.00295082,0
<s>
Jaw,0.001967213,0,0
LipLowerL,0.003442623,0,0
LipLowerR,0.003442623,0,0
LipCornerL,0,0.0004918032,0
LipCornerR,0,-0.0004918032,0
LipUpperL,-0.0009836066,0,0
LipUpperR,-0.0009836066,0,0
<O>
Jaw,0.005409836,0,0
LipLowerL,0.0009836066,-0.0009836066,-0.003442623
LipLowerR,0.0009836066,0.0009836066,-0.003442623
LipCornerL,0,-0.008360656,0
LipCornerR,0,0.008360656,0
LipUpperL,-0.0009836066,-0.0004918033,-0.003442623
LipUpperR,-0.0009836066,0.0004918033,-0.003442623
<a>
Jaw,0.004426229,0,0
LipLowerL,0.001967213,0,0
LipLowerR,0.001967213,0,0
LipCornerL,0,-0.004426229,0
LipCornerR,0,0.004426229,0
LipUpperL,0.0004918033,0,0
LipUpperR,0.0004918033,0,0
<E>
Jaw,0.002459016,0,0
LipLowerL,0.001967213,0,0
LipLowerR,0.001967213,0,0
LipCornerL,0,1.401328E-10,0
LipCornerR,0,-1.401328E-10,0
LipUpperL,0.0004918033,0,0
LipUpperR,0.0004918033,0,0
<u>
Jaw,0.004426229,0,0
LipCornerL,0,-0.00295082,0
LipCornerR,0,0.00295082,0
LipUpperL,-2.059952E-11,0,0
LipUpperR,-2.059952E-11,0,0
<unhappy>
BrowInnerL,0.01181818,0,0
BrowInnerR,0.01181818,0,0
BrowOuterL,0.008181818,0,0
BrowOuterR,0.008181818,0,0
CheekL,-0.002727273,0,0
CheekR,-0.002727273,0,0
LipCornerL,0.015,0,0
LipCornerR,0.015,0,0
<happy>
BrowInnerL,-0.006818182,-0.001363636,0
BrowInnerR,-0.006818182,0.001363636,0
BrowOuterL,-0.0004545456,0,0
BrowOuterR,-0.0004545456,0,0
CheekL,-0.007272727,0,0
CheekR,-0.007272727,0,0
LipLowerL,-0.001363636,0,0
LipLowerR,-0.001363636,0,0
LipCornerL,-0.01090909,0.002272727,-0.0004545455
LipCornerR,-0.01090909,-0.002272727,-0.0004545455
LipUpperL,-0.001818182,0,0
LipUpperR,-0.001818182,0,0
<surprised>
BrowInnerL,-0.01045455,0,0
BrowInnerR,-0.01045455,0,0
BrowOuterL,-0.008181818,0,0
BrowOuterR,-0.008181818,0,0
CheekL,-0.001363636,0,0
CheekR,-0.001363636,0,0
Jaw,0.01,0,0
LipLowerL,0.0009090909,0,0
LipLowerR,0.0009090909,0,0
LipCornerL,0.002272727,-0.01136364,0
LipCornerR,0.002272727,0.01136364,0
LipUpperL,-0.002272727,0,0
LipUpperR,-0.002272727,0,0
<calm>
BrowInnerL,-0.0009090909,0,0
BrowInnerR,-0.0009090909,0,0
BrowOuterL,0.005454545,0,0
BrowOuterR,0.005454545,0,0
Jaw,0.001818182,0,0
LipCornerL,0.0004545455,-0.002272727,0
LipCornerR,0.0004545455,0.002272727,0